24 1.000000000 0.000000000 0.000000000 0.000000000 0.000000000 1.000000000 0.000000000 0.000000000 0.000000000 0.000000000 1.000000000 0.000000000
28 0.999999881 0.000383559 -0.000212909 0.000488347 -0.000382859 0.999994576 0.003278814 -0.001222507 0.000214166 -0.003278732 0.999994576 0.043355793
29 0.999999106 0.000924618 0.000947638 0.000958058 -0.000932911 0.999960959 0.008789117 -0.001793565 -0.000939475 -0.008789994 0.999960899 0.079485141
32 0.999999881 -0.000274808 -0.000413973 0.001217285 0.000276508 0.999991477 0.004112804 -0.001678994 0.000412840 -0.004112918 0.999991477 0.101101458
38 0.999979615 -0.006360680 -0.000531084 0.001444676 0.006361239 0.999979198 0.001057053 -0.002790284 0.000524350 -0.001060410 0.999999285 0.145761684
41 0.999981821 -0.006017146 0.000440274 0.001739408 0.006015881 0.999977946 0.002820020 -0.003085965 -0.000457233 -0.002817320 0.999995947 0.168132722
43 0.999984622 -0.005526805 0.000508829 0.001915680 0.005525137 0.999979556 0.003223668 -0.003201756 -0.000526635 -0.003220807 0.999994695 0.183316767
47 0.999991715 -0.003988043 0.000789659 0.002391047 0.003985267 0.999985993 0.003486187 -0.003766977 -0.000803551 -0.003483011 0.999993622 0.213520691
55 0.999993622 -0.003487879 0.000744341 0.002976255 0.003485672 0.999989569 0.002946994 -0.004590562 -0.000754612 -0.002944381 0.999995351 0.274665892
58 0.999993682 -0.003453597 0.000875248 0.003301225 0.003452323 0.999992967 0.001453620 -0.004967285 -0.000880262 -0.001450590 0.999998569 0.297823071
62 0.999996424 -0.002639783 0.000371925 0.003860576 0.002639371 0.999995887 0.001105632 -0.005390937 -0.000374842 -0.001104646 0.999999344 0.328895837
66 0.999993086 -0.003525467 -0.001202691 0.004506208 0.003527458 0.999992430 0.001657308 -0.006021510 0.001196839 -0.001661539 0.999997914 0.368573755
67 0.999990046 -0.004017253 -0.001946532 0.004732030 0.004021615 0.999989390 0.002241950 -0.006274778 0.001937505 -0.002249756 0.999995589 0.384262800
70 0.999976635 -0.005811105 -0.003607735 0.005301042 0.005824571 0.999976099 0.003733100 -0.006786511 0.003585955 -0.003754026 0.999986529 0.416296840
72 0.999962449 -0.006233568 -0.006021619 0.005962876 0.006260545 0.999970376 0.004471517 -0.007278528 0.005993567 -0.004509048 0.999971867 0.448293507
74 0.999953747 -0.006323546 -0.007244878 0.006351204 0.006354362 0.999970853 0.004238377 -0.007538283 0.007217865 -0.004284217 0.999964774 0.464499950
75 0.999943972 -0.005774270 -0.008872310 0.006987487 0.005808187 0.999975920 0.003801853 -0.007963355 0.008850143 -0.003853172 0.999953389 0.488787621
76 0.999939561 -0.005844501 -0.009314629 0.007159426 0.005879017 0.999975920 0.003682475 -0.008168757 0.009292883 -0.003737014 0.999949813 0.496814579
77 0.999929190 -0.005566396 -0.010518774 0.007769207 0.005611632 0.999975085 0.004275896 -0.008596520 0.010494711 -0.004334621 0.999935508 0.521261930
79 0.999917150 -0.004755689 -0.011959547 0.008435343 0.004809903 0.999978244 0.004508453 -0.008999271 0.011937846 -0.004565604 0.999918342 0.545842171
80 0.999910951 -0.003662113 -0.012831171 0.008969127 0.003714455 0.999984860 0.004057861 -0.009260073 0.012816116 -0.004105160 0.999909461 0.562256336
81 0.999905109 -0.003325286 -0.013366716 0.009190192 0.003374607 0.999987602 0.003669004 -0.009412352 0.013354349 -0.003713764 0.999903917 0.570528209
82 0.999894381 -0.003007880 -0.014218644 0.009706096 0.003055400 0.999989808 0.003321584 -0.009726925 0.014208509 -0.003364677 0.999893367 0.587327540
85 0.999887466 -0.002632839 -0.014768598 0.010355653 0.002688292 0.999989390 0.003736199 -0.010207095 0.014758605 -0.003775481 0.999883950 0.612387002
86 0.999889016 -0.002334758 -0.014712768 0.010542099 0.002395982 0.999988556 0.004145051 -0.010341237 0.014702922 -0.004179843 0.999883175 0.620723069
91 0.999921978 0.000174907 -0.012488004 0.011552967 -0.000129243 0.999993324 0.003657301 -0.011086384 0.012488560 -0.003655402 0.999915361 0.662777305
93 0.999934912 0.000987840 -0.011365956 0.011927784 -0.000953800 0.999995053 0.002999926 -0.011350669 0.011368863 -0.002988890 0.999930918 0.679710507
94 0.999940634 0.001311831 -0.010816801 0.012073573 -0.001281557 0.999995232 0.002805216 -0.011505214 0.010820430 -0.002791187 0.999937534 0.688081622
98 0.999960661 0.001206672 -0.008788677 0.012612812 -0.001181044 0.999995053 0.002920676 -0.012158732 0.008792157 -0.002910181 0.999957085 0.722055733
100 0.999969721 0.000842524 -0.007735208 0.012848238 -0.000816691 0.999994099 0.003342240 -0.012463103 0.007737978 -0.003335821 0.999964476 0.739004970
101 0.999974132 0.000447483 -0.007180915 0.012945715 -0.000422825 0.999994040 0.003434896 -0.012591050 0.007182409 -0.003431770 0.999968290 0.747627795
105 0.999987721 -0.000618962 -0.004917579 0.013346298 0.000635492 0.999994159 0.003360460 -0.013207192 0.004915470 -0.003363543 0.999982238 0.781904876
106 0.999990523 -0.000434412 -0.004335157 0.013453431 0.000449240 0.999994040 0.003419991 -0.013385444 0.004333646 -0.003421906 0.999984741 0.790518165
110 0.999997556 -0.001075049 -0.001941259 0.013627813 0.001083208 0.999990582 0.004206487 -0.014077233 0.001936718 -0.004208579 0.999989271 0.824651301
112 0.999999523 -0.000809301 -0.000551308 0.013777603 0.000811549 0.999991298 0.004089448 -0.014398668 0.000547994 -0.004089894 0.999991477 0.841733992
118 0.999994338 -0.000457394 0.003331635 0.013778373 0.000444542 0.999992490 0.003857197 -0.015631618 -0.003333374 -0.003855694 0.999987006 0.901914060
120 0.999989212 0.000280669 0.004631561 0.013735568 -0.000301657 0.999989688 0.004531440 -0.015985064 -0.004630241 -0.004532788 0.999979019 0.919000328
121 0.999984920 0.000264707 0.005486819 0.013792979 -0.000290733 0.999988735 0.004743156 -0.016143955 -0.005485501 -0.004744680 0.999973714 0.927765131
122 0.999976575 -0.001346373 0.006714318 0.013835676 0.001320110 0.999991477 0.003914314 -0.016412366 -0.006719531 -0.003905359 0.999969780 0.945237875
126 0.999958754 -0.002370018 0.008764720 0.013823911 0.002339720 0.999991238 0.003465340 -0.017446240 -0.008772857 -0.003444690 0.999955595 0.997677863
127 0.999954581 -0.002879736 0.009082031 0.013808574 0.002846449 0.999989212 0.003675951 -0.017620033 -0.009092519 -0.003649933 0.999952018 1.006429195
130 0.999945581 -0.004410610 0.009452529 0.013846613 0.004370600 0.999981403 0.004249290 -0.018230367 -0.009471096 -0.004207746 0.999946296 1.041414380
132 0.999940753 -0.005820405 0.009199047 0.013996910 0.005789617 0.999977589 0.003369924 -0.018626172 -0.009218455 -0.003316466 0.999952018 1.067783594
136 0.999934673 -0.008680142 0.007438406 0.014242566 0.008668681 0.999961197 0.001571751 -0.019139819 -0.007451761 -0.001507167 0.999971092 1.103143334
137 0.999933958 -0.009258379 0.006811478 0.014382791 0.009248759 0.999956191 0.001442551 -0.019332387 -0.006824535 -0.001379458 0.999975741 1.111868620
139 0.999932528 -0.010444574 0.005081393 0.014603823 0.010435623 0.999943972 0.001784841 -0.019680947 -0.005099750 -0.001731694 0.999985516 1.129432917
142 0.999914706 -0.012959430 0.001618158 0.014947808 0.012954136 0.999910831 0.003240225 -0.020114888 -0.001660005 -0.003218987 0.999993443 1.155887604
145 0.999884069 -0.015062341 -0.002228714 0.015495182 0.015069979 0.999880493 0.003450644 -0.020521011 0.002176472 -0.003483830 0.999991536 1.182385683
147 0.999858081 -0.016073678 -0.005043136 0.015878901 0.016086556 0.999867439 0.002523712 -0.020820282 0.005001903 -0.002604481 0.999984086 1.200068951
153 0.999744058 -0.016566150 -0.015407114 0.018155636 0.016588716 0.999861479 0.001338011 -0.021744691 0.015382815 -0.001593252 0.999880433 1.262634039
154 0.999722600 -0.016355461 -0.016946128 0.018451326 0.016385704 0.999864399 0.001647330 -0.021874730 0.016916888 -0.001924547 0.999855042 1.271514893
155 0.999699712 -0.016293034 -0.018302022 0.018873909 0.016333889 0.999864399 0.002085034 -0.022011848 0.018265568 -0.002383351 0.999830306 1.280505419
159 0.999604404 -0.015133167 -0.023707669 0.020419529 0.015228988 0.999876559 0.003866429 -0.022642240 0.023646230 -0.004225943 0.999711454 1.315964699
164 0.999445260 -0.014066375 -0.030188372 0.022600804 0.014186472 0.999892294 0.003767742 -0.023343025 0.030132122 -0.004193918 0.999537110 1.360558629
165 0.999407649 -0.014006998 -0.031434242 0.023003004 0.014115271 0.999895155 0.003225133 -0.023537170 0.031385772 -0.003666926 0.999500632 1.369500637
166 0.999372363 -0.013904565 -0.032581106 0.023517145 0.014005627 0.999897778 0.002875707 -0.023678988 0.032537792 -0.003330220 0.999464929 1.378576279
169 0.999212205 -0.013425137 -0.037346568 0.025495803 0.013522803 0.999905765 0.002363735 -0.024281692 0.037311316 -0.002866903 0.999299586 1.414359450
173 0.999067724 -0.012913574 -0.041193556 0.027538408 0.013023410 0.999912322 0.002399097 -0.024837293 0.041158963 -0.002933341 0.999148309 1.450494528
174 0.999041140 -0.012592210 -0.041930880 0.028078184 0.012709050 0.999916077 0.002521074 -0.024967346 0.041895617 -0.003051558 0.999117315 1.459536672
175 0.999017954 -0.012119702 -0.042617608 0.028684340 0.012243185 0.999921560 0.002637631 -0.025141217 0.042582296 -0.003156816 0.999087989 1.468693733
184 0.998887479 -0.004093942 -0.046978910 0.036244210 0.004208848 0.999988377 0.002347253 -0.027037559 0.046968754 -0.002542369 0.998893142 1.589120269
185 0.998888493 -0.003650815 -0.046994552 0.036797989 0.003765244 0.999990165 0.002346643 -0.027148923 0.046985522 -0.002520981 0.998892367 1.598380208
187 0.998904467 -0.002189717 -0.046744835 0.038409706 0.002304452 0.999994457 0.002400738 -0.027683444 0.046739321 -0.002505829 0.998903990 1.626356840
192 0.998946190 -0.000369557 -0.045895327 0.041060973 0.000464948 0.999997735 0.002067785 -0.028486619 0.045894459 -0.002086945 0.998944104 1.673530459
193 0.998955727 -0.000401969 -0.045687415 0.041573923 0.000493373 0.999997914 0.001989394 -0.028702891 0.045686521 -0.002009857 0.998953819 1.682869434
196 0.999016464 0.000294720 -0.044339500 0.043683268 -0.000176820 0.999996424 0.002662922 -0.029280212 0.044340126 -0.002652463 0.999012947 1.721236706
198 0.999040306 0.000458764 -0.043798059 0.044679213 -0.000332847 0.999995768 0.002882197 -0.029686773 0.043799195 -0.002864852 0.999036252 1.740398288
201 0.999076784 0.000403427 -0.042958461 0.046177581 -0.000242696 0.999992967 0.003746699 -0.030189332 0.042959671 -0.003732814 0.999069810 1.769299388
202 0.999088168 0.000602478 -0.042690091 0.046634048 -0.000440844 0.999992728 0.003795535 -0.030338686 0.042692065 -0.003773255 0.999081135 1.778722167
204 0.999118984 0.000821028 -0.041959193 0.047697481 -0.000675281 0.999993682 0.003487590 -0.030683585 0.041961793 -0.003456183 0.999113262 1.798037529
213 0.999254525 0.001636588 -0.038571425 0.051920190 -0.001520347 0.999994218 0.003042806 -0.032307185 0.038576178 -0.002981896 0.999251187 1.886623263
215 0.999286830 0.001859166 -0.037715115 0.052768379 -0.001751659 0.999994338 0.002883326 -0.032655768 0.037720263 -0.002815205 0.999284387 1.906291485
217 0.999322057 0.002017236 -0.036761288 0.053633653 -0.001912759 0.999994040 0.002877001 -0.033032075 0.036766872 -0.002804735 0.999319911 1.926064730
219 0.999355853 0.001888874 -0.035837926 0.054516047 -0.001778426 0.999993563 0.003113487 -0.033424441 0.035843577 -0.003047747 0.999352753 1.946047068
220 0.999374032 0.001967879 -0.035322346 0.054960817 -0.001852967 0.999992907 0.003285680 -0.033646792 0.035328560 -0.003218173 0.999370575 1.955983520
222 0.999404371 0.002063585 -0.034446981 0.055825576 -0.001936142 0.999991179 0.003732627 -0.034012266 0.034454379 -0.003663710 0.999399543 1.976006746
228 0.999522150 0.002252505 -0.030828688 0.058972880 -0.002115861 0.999987781 0.004464271 -0.035482671 0.030838368 -0.004396908 0.999514699 2.056114197
229 0.999535382 0.002806660 -0.030349612 0.059428256 -0.002686378 0.999988377 0.004003279 -0.035630710 0.030360496 -0.003919889 0.999531329 2.066226959
230 0.999561965 0.002973609 -0.029446365 0.060218133 -0.002894026 0.999992073 0.002744923 -0.035980251 0.029454295 -0.002658502 0.999562621 2.086014509
232 0.999588192 0.003193798 -0.028518222 0.060991991 -0.003154373 0.999993980 0.001427329 -0.036315300 0.028522609 -0.001336784 0.999592245 2.106173515
238 0.999667346 0.003300009 -0.025579846 0.063928507 -0.003247562 0.999992549 0.002091625 -0.037678704 0.025586557 -0.002007857 0.999670565 2.187400341
240 0.999677002 0.002784646 -0.025261467 0.064617321 -0.002709870 0.999991834 0.002993807 -0.037989516 0.025269598 -0.002924385 0.999676406 2.207743883
242 0.999688089 0.002270322 -0.024870079 0.065327726 -0.002197264 0.999993205 0.002964522 -0.038321137 0.024876641 -0.002908951 0.999686301 2.228070974
248 0.999705315 0.000438123 -0.024271380 0.068283394 -0.000393741 0.999998271 0.001833348 -0.039677314 0.024272140 -0.001823251 0.999703705 2.309426785
250 0.999703526 0.000314575 -0.024345856 0.069086961 -0.000261862 0.999997616 0.002168324 -0.040062707 0.024346480 -0.002161306 0.999701262 2.329803228
251 0.999702275 0.000241153 -0.024399843 0.069393061 -0.000185124 0.999997318 0.002298495 -0.040250067 0.024400331 -0.002293294 0.999699652 2.339953184
252 0.999701798 0.000171954 -0.024418233 0.069752708 -0.000109424 0.999996722 0.002562074 -0.040392522 0.024418594 -0.002558638 0.999698520 2.350301027
254 0.999698341 -0.000194729 -0.024558775 0.070541866 0.000269067 0.999995410 0.003023655 -0.040818810 0.024558073 -0.003029351 0.999693811 2.370717525
255 0.999697626 -0.000281412 -0.024587844 0.070909046 0.000361180 0.999994695 0.003239853 -0.040979948 0.024586800 -0.003247754 0.999692440 2.381023645
256 0.999697626 -0.000229953 -0.024589028 0.071257420 0.000311782 0.999994397 0.003324111 -0.041139998 0.024588127 -0.003330772 0.999692142 2.391346216
264 0.999686420 -0.001207218 -0.025011279 0.074426100 0.001271295 0.999995947 0.002546191 -0.042554885 0.025008103 -0.002577189 0.999683917 2.473635912
269 0.999675214 -0.001589745 -0.025435165 0.076449551 0.001691931 0.999990582 0.003996516 -0.043496873 0.025428573 -0.004038252 0.999668479 2.525660038
270 0.999670625 -0.001520935 -0.025619447 0.076743118 0.001630608 0.999989569 0.004260504 -0.043679286 0.025612701 -0.004300876 0.999662697 2.535749197
271 0.999670148 -0.001416743 -0.025642650 0.077249780 0.001528408 0.999989450 0.004335571 -0.043833271 0.025636237 -0.004373333 0.999661744 2.546376467
273 0.999668062 -0.001270140 -0.025731862 0.078805909 0.001361490 0.999992847 0.003532841 -0.044560771 0.025727190 -0.003566702 0.999662638 2.587837696
275 0.999668300 -0.001256534 -0.025723569 0.079637237 0.001339469 0.999993980 0.003207099 -0.044894967 0.025719384 -0.003240491 0.999663949 2.608801365
278 0.999665082 -0.001296208 -0.025846515 0.080898002 0.001366723 0.999995410 0.002710732 -0.045506176 0.025842883 -0.002745149 0.999662220 2.640107155
279 0.999660254 -0.001268690 -0.026032919 0.081259616 0.001340501 0.999995351 0.002741167 -0.045684323 0.026029320 -0.002775133 0.999657333 2.650724888
281 0.999659956 -0.001461609 -0.026034405 0.082093425 0.001530466 0.999995410 0.002625131 -0.046052244 0.026030447 -0.002664083 0.999657571 2.671379328
282 0.999657512 -0.001528450 -0.026125673 0.082490750 0.001596825 0.999995351 0.002596512 -0.046247166 0.026121585 -0.002637341 0.999655306 2.681892872
283 0.999653459 -0.001856821 -0.026257848 0.083238974 0.001927187 0.999994636 0.002654743 -0.046595059 0.026252776 -0.002704427 0.999651670 2.702982664
284 0.999653280 -0.001989737 -0.026256412 0.084051922 0.002052618 0.999995112 0.002368146 -0.046971705 0.026251571 -0.002421219 0.999652445 2.724135876
285 0.999653518 -0.002179262 -0.026231913 0.084437780 0.002239357 0.999994934 0.002261719 -0.047134269 0.026226852 -0.002319678 0.999653339 2.734569073
287 0.999653161 -0.001542930 -0.026289394 0.085699752 0.001610967 0.999995410 0.002567023 -0.047700979 0.026285313 -0.002608484 0.999651074 2.766335964
288 0.999653578 -0.001050874 -0.026299022 0.086509667 0.001126388 0.999995291 0.002856716 -0.048068874 0.026295897 -0.002885349 0.999650061 2.787575483
289 0.999658823 -0.000649734 -0.026112543 0.087365687 0.000721880 0.999995947 0.002753569 -0.048408750 0.026110649 -0.002771479 0.999655247 2.808717251
290 0.999663532 -0.000178836 -0.025939176 0.087768756 0.000246422 0.999996603 0.002602364 -0.048584223 0.025938621 -0.002607881 0.999660134 2.819353342
291 0.999674916 0.000392545 -0.025492687 0.088861801 -0.000336028 0.999997497 0.002221203 -0.049193420 0.025493495 -0.002211915 0.999672532 2.851255417
292 0.999683678 0.000872106 -0.025134936 0.089270338 -0.000814417 0.999997020 0.002305319 -0.049431983 0.025136871 -0.002284119 0.999681413 2.861817837
298 0.999754965 0.005161136 -0.021525135 0.091217063 -0.005105032 0.999983430 0.002660629 -0.050536931 0.021538511 -0.002550091 0.999764740 2.926534176
300 0.999786377 0.007219740 -0.019367687 0.091651544 -0.007164019 0.999970019 0.002944836 -0.050944157 0.019388366 -0.002805457 0.999808073 2.948205948
301 0.999804676 0.008150489 -0.018004106 0.091886640 -0.008092232 0.999961793 0.003306281 -0.051091578 0.018030366 -0.003159942 0.999832451 2.958967686
303 0.999834716 0.010390102 -0.014917552 0.092325836 -0.010333190 0.999939084 0.003887103 -0.051441714 0.014957030 -0.003732315 0.999881148 2.980858326
304 0.999846041 0.011674453 -0.013101267 0.092570022 -0.011623411 0.999924600 0.003965316 -0.051632002 0.013146571 -0.003812425 0.999906301 2.991788387
307 0.999862254 0.014794309 -0.007520418 0.092894904 -0.014767374 0.999884367 0.003624534 -0.052324578 0.007573172 -0.003512978 0.999965131 3.024356365
308 0.999863505 0.015615509 -0.005392603 0.092995167 -0.015596798 0.999872267 0.003494500 -0.052457053 0.005446482 -0.003409916 0.999979377 3.035312176
310 0.999854207 0.017039342 -0.001125560 0.093047567 -0.017035823 0.999850154 0.003064933 -0.052900095 0.001177616 -0.003045311 0.999994695 3.057162523
311 0.999840856 0.017804896 0.001106114 0.093077414 -0.017808046 0.999837220 0.002905978 -0.053150002 -0.001054193 -0.002925213 0.999995172 3.068273783
314 0.999797463 0.018487206 0.007955405 0.092779748 -0.018509433 0.999824941 0.002729343 -0.053773664 -0.007903554 -0.002876041 0.999964654 3.101219177
318 0.999685824 0.018299939 0.017126882 0.092061490 -0.018335324 0.999830067 0.001911192 -0.054692402 -0.017088996 -0.002224619 0.999851525 3.145018101
319 0.999652267 0.017953949 0.019313954 0.091824815 -0.017990092 0.999836743 0.001699185 -0.054992687 -0.019280292 -0.002046054 0.999812007 3.155754328
320 0.999611080 0.017662803 0.021581668 0.091598451 -0.017703477 0.999841869 0.001695022 -0.055180080 -0.021548316 -0.002076433 0.999765635 3.166687965
324 0.999270380 0.016005753 0.034677077 0.089557059 -0.016071022 0.999869585 0.001604265 -0.056596421 -0.034646876 -0.002160390 0.999397278 3.231707811
325 0.999196768 0.015775621 0.036836468 0.089206547 -0.015831858 0.999873877 0.001235483 -0.056777865 -0.036812332 -0.001817680 0.999320567 3.242295265
326 0.999127746 0.015542767 0.038757928 0.088748932 -0.015590509 0.999878049 0.000929844 -0.056974292 -0.038738746 -0.001533288 0.999248207 3.252984762
328 0.998920441 0.013530133 0.044439565 0.087279335 -0.013539094 0.999908328 -0.000099362 -0.057629105 -0.044436838 -0.000502417 0.999012053 3.284591436
329 0.998845279 0.012648848 0.046347734 0.086813986 -0.012651839 0.999919951 -0.000228814 -0.057838839 -0.046346918 -0.000357834 0.998925328 3.295099735
333 0.998592257 0.007995041 0.052436620 0.084693670 -0.007981364 0.999968052 -0.000470234 -0.058723036 -0.052438702 0.000051056 0.998624146 3.336308956
334 0.998540580 0.006840060 0.053572133 0.084096909 -0.006821303 0.999976575 -0.000532963 -0.058898218 -0.053574525 0.000166754 0.998563826 3.346362829
335 0.998462677 0.003179716 0.055337116 0.082917124 -0.003143165 0.999994755 -0.000747528 -0.059325002 -0.055339206 0.000572445 0.998467445 3.366501093
339 0.998362362 -0.011625627 0.056012720 0.079722822 0.011652909 0.999932110 -0.000160473 -0.060263202 -0.056007050 0.000812922 0.998430014 3.425510883
340 0.998360872 -0.014271855 0.055424381 0.079116568 0.014290393 0.999897897 0.000061855 -0.060495883 -0.055419605 0.000730283 0.998462915 3.435208321
341 0.998420238 -0.020406989 0.052350678 0.076036602 0.020330871 0.999791324 0.001986184 -0.060779791 -0.052380286 -0.000918711 0.998626769 3.460123062
343 0.998413742 -0.024039557 0.050913185 0.075823143 0.023935812 0.999710023 0.002646542 -0.061297871 -0.050962042 -0.001423696 0.998699605 3.492544651
344 0.998469114 -0.024954699 0.049363066 0.074976742 0.024900643 0.999688447 0.001709821 -0.061529070 -0.049390357 -0.000478031 0.998779416 3.511704445
345 0.998497188 -0.025478365 0.048520081 0.074619129 0.025452480 0.999675393 0.001151376 -0.061666187 -0.048533663 0.000085310 0.998821557 3.521505117
346 0.998537779 -0.025727956 0.047543291 0.074272826 0.025722658 0.999668837 0.000723344 -0.061839920 -0.047546159 0.000500654 0.998868942 3.531249762
347 0.998587012 -0.025820037 0.046446908 0.073913768 0.025835034 0.999666154 0.000277508 -0.062024318 -0.046438567 0.000922842 0.998920739 3.540992737
348 0.998643577 -0.025521310 0.045383874 0.073647901 0.025544342 0.999673665 0.000072498 -0.062167890 -0.045370914 0.001086902 0.998969615 3.550636053
349 0.998696327 -0.025740113 0.044080514 0.073334873 0.025772180 0.999667823 -0.000159232 -0.062357526 -0.044061773 0.001295075 0.999027967 3.560312271
350 0.998753548 -0.025618011 0.042837359 0.073079839 0.025650162 0.999670982 -0.000200953 -0.062500209 -0.042818114 0.001299488 0.999082029 3.570091248
354 0.998977542 -0.025649481 0.037228916 0.072069854 0.025650525 0.999670863 0.000449622 -0.063041367 -0.037228197 0.000505779 0.999306679 3.609053135
355 0.999024987 -0.025656622 0.035928681 0.071941018 0.025654724 0.999670744 0.000513898 -0.063213751 -0.035930034 0.000408344 0.999354243 3.618509531
356 0.999069393 -0.025839066 0.034535848 0.071748316 0.025838412 0.999666035 0.000465310 -0.063390099 -0.034536336 0.000427474 0.999403358 3.628162861
357 0.999123394 -0.025745835 0.033008639 0.071527116 0.025746347 0.999668419 0.000409571 -0.063515268 -0.033008240 0.000440640 0.999454975 3.637844324
358 0.999157906 -0.026198352 0.031576782 0.071383923 0.026207410 0.999656498 0.000127073 -0.063684359 -0.031569265 0.000700580 0.999501348 3.647444963
359 0.999200881 -0.026405182 0.030006548 0.071215093 0.026419943 0.999650955 -0.000095509 -0.063831724 -0.029993553 0.000888204 0.999549687 3.657126188
361 0.999273717 -0.026985953 0.026903497 0.070941992 0.027002543 0.999635339 -0.000253493 -0.064172186 -0.026886845 0.000979771 0.999638021 3.676399231
362 0.999306262 -0.027265504 0.025369873 0.070872933 0.027275926 0.999627948 -0.000064737 -0.064325564 -0.025358669 0.000756679 0.999678135 3.685980082
363 0.999336123 -0.027717572 0.023643192 0.070757292 0.027722260 0.999615669 0.000129549 -0.064481050 -0.023637695 0.000525979 0.999720454 3.695672035
364 0.999356031 -0.028388087 0.021945126 0.070662178 0.028389839 0.999596894 0.000231740 -0.064646713 -0.021942858 0.000391428 0.999759138 3.705295563
367 0.999397993 -0.030252377 0.016984850 0.070533425 0.030251889 0.999542236 0.000285652 -0.065123655 -0.016985716 0.000228344 0.999855697 3.734375238
369 0.999410450 -0.031555668 0.013527052 0.070510104 0.031548344 0.999501944 0.000754472 -0.065454237 -0.013544122 -0.000327272 0.999908209 3.753741980
370 0.999410570 -0.032200515 0.011899616 0.070535079 0.032191522 0.999481261 0.000946669 -0.065627389 -0.011923926 -0.000563044 0.999928772 3.763367414
371 0.999428570 -0.032188971 0.010315799 0.070607983 0.032177791 0.999481380 0.001247815 -0.065816775 -0.010350616 -0.000915163 0.999945998 3.773013353
372 0.999429345 -0.032665491 0.008600281 0.070662774 0.032653954 0.999465644 0.001478639 -0.065991506 -0.008643986 -0.001196962 0.999961913 3.782797337
373 0.999427795 -0.033109412 0.006913319 0.070745490 0.033098835 0.999450743 0.001638613 -0.066152774 -0.006963775 -0.001408852 0.999974787 3.792576790
374 0.999439716 -0.033272009 0.003642977 0.070936456 0.033266015 0.999445081 0.001693404 -0.066497408 -0.003697298 -0.001571268 0.999991953 3.811569929
375 0.999428093 -0.033754073 0.002050776 0.071053997 0.033750799 0.999428988 0.001609527 -0.066656336 -0.002103933 -0.001539391 0.999996603 3.821319342
376 0.999436796 -0.033537276 -0.001138234 0.071411528 0.033538081 0.999437213 0.000695244 -0.066994593 0.001114277 -0.000733027 0.999999106 3.840166092
377 0.999432087 -0.033580471 -0.002802302 0.071541555 0.033580989 0.999435961 0.000138800 -0.067116067 0.002796060 -0.000232826 0.999996066 3.850111485
380 0.999362946 -0.033735018 -0.011644821 0.073075086 0.033739518 0.999430656 0.000190267 -0.068052389 0.011631772 -0.000583036 0.999932170 3.907723904
381 0.999351740 -0.033520579 -0.013132091 0.073286243 0.033530951 0.999437511 0.000570387 -0.068207763 0.013105584 -0.001010349 0.999913633 3.917198896
382 0.999352217 -0.033005126 -0.014347523 0.073557340 0.033014968 0.999454737 0.000449543 -0.068366759 0.014324863 -0.000922935 0.999896944 3.926582336
383 0.999338150 -0.032328244 -0.016677504 0.074100293 0.032317929 0.999477267 -0.000887679 -0.068629377 0.016697483 0.000348109 0.999860525 3.945686340
385 0.999310315 -0.031517241 -0.019636773 0.075099297 0.031473007 0.999501348 -0.002557640 -0.069073267 0.019707590 0.001937847 0.999803901 3.973560810
386 0.999300301 -0.031185465 -0.020648755 0.075429678 0.031140676 0.999511898 -0.002487159 -0.069233589 0.020716241 0.001842403 0.999783695 3.982882738
387 0.999296248 -0.030524818 -0.021800525 0.075729743 0.030486936 0.999532998 -0.002068068 -0.069373608 0.021853473 0.001401982 0.999760211 3.992327690
388 0.999281704 -0.030222151 -0.022862006 0.076105982 0.030194400 0.999542832 -0.001558163 -0.069555648 0.022898646 0.000866739 0.999737442 4.001656532
391 0.999189973 -0.028249092 -0.028660033 0.078036301 0.028291281 0.999599159 0.001067535 -0.070332021 0.028618388 -0.001877500 0.999588668 4.048950195
392 0.999173164 -0.027861411 -0.029609900 0.078496516 0.027914364 0.999609351 0.001376395 -0.070495330 0.029559985 -0.002201799 0.999560595 4.058115005
393 0.999152064 -0.027488526 -0.030651208 0.078948513 0.027548203 0.999619305 0.001526314 -0.070677534 0.030597582 -0.002369406 0.999529004 4.067487717
394 0.999141335 -0.026844414 -0.031559356 0.079397842 0.026910728 0.999636412 0.001678324 -0.070823573 0.031502828 -0.002526168 0.999500453 4.076778889
395 0.999122798 -0.026442278 -0.032471512 0.079818733 0.026504533 0.999647558 0.001488235 -0.071022533 0.032420713 -0.002347572 0.999471545 4.086196423
396 0.999106586 -0.025860185 -0.033424865 0.080253005 0.025916098 0.999663353 0.001240574 -0.071191750 0.033381529 -0.002105708 0.999440491 4.095415115
398 0.999084890 -0.024703387 -0.034916501 0.081181660 0.024723332 0.999694347 0.000139529 -0.071505368 0.034902379 -0.001002653 0.999390244 4.114012718
399 0.999059439 -0.023530653 -0.036422525 0.082099386 0.023505492 0.999723077 -0.001118916 -0.071802922 0.036438767 0.000261734 0.999335825 4.132265568
400 0.999031484 -0.023466140 -0.037220675 0.082513601 0.023423258 0.999724388 -0.001587828 -0.071988583 0.037247676 0.000714461 0.999305785 4.141648293
401 0.999029815 -0.022691581 -0.037742402 0.082982652 0.022651877 0.999742329 -0.001479285 -0.072146036 0.037766244 0.000622913 0.999286413 4.150805473
402 0.999019146 -0.022367246 -0.038215421 0.083473966 0.022337716 0.999749780 -0.001199602 -0.072327018 0.038232688 0.000344781 0.999268830 4.159981728
403 0.999004066 -0.021958254 -0.038842555 0.083885171 0.021951398 0.999758840 -0.000603067 -0.072504282 0.038846429 -0.000250182 0.999245167 4.169068813
408 0.998976588 -0.019787608 -0.040671892 0.086489961 0.019863885 0.999801636 0.001472102 -0.073236890 0.040634695 -0.002278498 0.999171495 4.215284824
409 0.998980999 -0.019038070 -0.040920455 0.087015517 0.019119190 0.999815941 0.001591895 -0.073416531 0.040882617 -0.002372639 0.999161124 4.224516392
415 0.998908639 -0.017685063 -0.043228593 0.090082631 0.017743828 0.999842107 0.000976039 -0.074337989 0.043204505 -0.001742015 0.999064744 4.279706001
416 0.998900950 -0.017245641 -0.043583635 0.090610206 0.017318759 0.999849200 0.001300583 -0.074523255 0.043554634 -0.002053968 0.999048948 4.289003372
417 0.998890996 -0.016916232 -0.043939043 0.091112979 0.017014461 0.999853492 0.001862506 -0.074737504 0.043901097 -0.002608040 0.999032497 4.298081875
418 0.998882771 -0.016598808 -0.044245679 0.091657907 0.016721947 0.999857247 0.002414404 -0.074891843 0.044199288 -0.003151580 0.999017775 4.307138920
420 0.998859882 -0.016223792 -0.044897392 0.092695825 0.016354499 0.999863029 0.002545459 -0.075207449 0.044849943 -0.003276831 0.998988390 4.325304508
422 0.998837650 -0.016033106 -0.045456454 0.093748651 0.016102459 0.999869645 0.001159943 -0.075484358 0.045431931 -0.001890556 0.998965621 4.343662739
423 0.998822689 -0.016048070 -0.045778118 0.094238892 0.016082240 0.999870598 0.000378208 -0.075635836 0.045766123 -0.001113978 0.998951554 4.352768898
425 0.998799324 -0.016168911 -0.046244152 0.095315471 0.016131155 0.999869168 -0.001189539 -0.075925484 0.046257336 0.000442139 0.998929441 4.370911121
427 0.998759329 -0.016508708 -0.046981927 0.096929498 0.016380683 0.999861002 -0.003108737 -0.076334663 0.047026720 0.002335284 0.998890877 4.398227692
428 0.998754919 -0.016618906 -0.047036339 0.097489275 0.016493965 0.999859333 -0.003043189 -0.076499373 0.047080297 0.002263585 0.998888552 4.407267570
429 0.998729169 -0.016405633 -0.047653675 0.099040315 0.016410090 0.999865294 -0.000297732 -0.076857343 0.047652140 -0.000484647 0.998863876 4.434807777
430 0.998729467 -0.016124284 -0.047743812 0.101244584 0.016156999 0.999869406 0.000299382 -0.077428259 0.047732752 -0.001070398 0.998859584 4.470518589
431 0.998714745 -0.016424213 -0.047948886 0.101725526 0.016421882 0.999865055 -0.000442567 -0.077544026 0.047949687 -0.000345413 0.998849690 4.479599953
432 0.998714864 -0.016467996 -0.047931831 0.102283552 0.016424308 0.999864280 -0.001305184 -0.077750385 0.047946818 0.000516260 0.998849750 4.488493443
433 0.998692870 -0.016772827 -0.048283141 0.103276677 0.016706390 0.999858856 -0.001779227 -0.078066073 0.048306167 0.000970264 0.998832107 4.506662369
434 0.998663425 -0.017393662 -0.048670907 0.104279198 0.017389368 0.999848664 -0.000511674 -0.078461438 0.048672441 -0.000335366 0.998814762 4.524517536
435 0.998669207 -0.017170727 -0.048630718 0.104845718 0.017226158 0.999851346 0.000720915 -0.078590505 0.048611112 -0.001557676 0.998816550 4.533370018
436 0.998655975 -0.017425241 -0.048812199 0.105362423 0.017523799 0.999845207 0.001591886 -0.078757428 0.048776902 -0.002445122 0.998806715 4.542275429
437 0.998685002 -0.016499931 -0.048538730 0.106460325 0.016619518 0.999859750 0.002061175 -0.078974314 0.048497912 -0.002865155 0.998819172 4.560057163
438 0.998697102 -0.016270012 -0.048367340 0.107509792 0.016292330 0.999867260 0.000067199 -0.079276852 0.048359826 -0.000855128 0.998829603 4.577726841
439 0.998701572 -0.016334757 -0.048253156 0.108054727 0.016312856 0.999866605 -0.000847688 -0.079438671 0.048260562 0.000059440 0.998834789 4.586616993
440 0.998688221 -0.016640199 -0.048424486 0.108522296 0.016594138 0.999861419 -0.001353088 -0.079600818 0.048440289 0.000547751 0.998825908 4.595582008
441 0.998699725 -0.016338237 -0.048289858 0.109079964 0.016292516 0.999866366 -0.001340283 -0.079769380 0.048305303 0.000551777 0.998832464 4.604318619
442 0.998698235 -0.016665069 -0.048208684 0.109598964 0.016638644 0.999861121 -0.000949434 -0.079944909 0.048217811 0.000146071 0.998836815 4.613171577
443 0.998701334 -0.016396308 -0.048236642 0.110118434 0.016385239 0.999865532 -0.000624904 -0.080093130 0.048240405 -0.000166276 0.998835742 4.621919155
444 0.998711884 -0.016165543 -0.048096262 0.110651508 0.016170267 0.999869227 -0.000290917 -0.080240704 0.048094675 -0.000487187 0.998842657 4.630666733
445 0.998714507 -0.016160201 -0.048043579 0.111148134 0.016175928 0.999869168 -0.000061447 -0.080371477 0.048038285 -0.000715781 0.998845220 4.639435768
446 0.998708010 -0.016386550 -0.048102241 0.111664541 0.016407773 0.999865353 0.000046351 -0.080518059 0.048095006 -0.000835542 0.998842418 4.648280144
447 0.998710155 -0.016272770 -0.048096251 0.112171344 0.016288444 0.999867320 -0.000066038 -0.080676183 0.048090946 -0.000717460 0.998842716 4.657018185
448 0.998713255 -0.016234135 -0.048044283 0.112676673 0.016238960 0.999868095 -0.000289921 -0.080841623 0.048042651 -0.000490641 0.998845160 4.665690422
449 0.998724461 -0.015866553 -0.047934316 0.113189943 0.015868463 0.999874055 -0.000340746 -0.080948569 0.047933687 -0.000420333 0.998850405 4.674522400
450 0.998720288 -0.016124863 -0.047935363 0.113661453 0.016106507 0.999870002 -0.000769209 -0.081097245 0.047941532 -0.000003847 0.998850167 4.683398724
451 0.998729110 -0.015991345 -0.047796372 0.114165790 0.015954265 0.999872029 -0.001157232 -0.081268027 0.047808763 0.000393205 0.998856425 4.692075729
452 0.998745322 -0.015564120 -0.047597747 0.114696078 0.015514978 0.999878645 -0.001401732 -0.081404366 0.047613788 0.000661496 0.998865604 4.700812340
453 0.998752534 -0.015853614 -0.047350653 0.115196541 0.015793404 0.999873936 -0.001645432 -0.081607334 0.047370769 0.000895552 0.998876989 4.709493160
454 0.998765290 -0.015718700 -0.047125150 0.115724176 0.015670914 0.999876261 -0.001383341 -0.081722103 0.047141064 0.000643138 0.998888016 4.718300819
455 0.998760819 -0.016077042 -0.047099229 0.116178103 0.016043048 0.999870718 -0.001099714 -0.081878781 0.047110818 0.000342736 0.998889625 4.727025032
456 0.998778522 -0.015691252 -0.046853021 0.116698645 0.015683874 0.999876857 -0.000525124 -0.082022831 0.046855491 -0.000210354 0.998901665 4.735683918
457 0.998786330 -0.015741400 -0.046670467 0.117193565 0.015758501 0.999875844 -0.000001486 -0.082187563 0.046664692 -0.000733972 0.998910367 4.744324207
458 0.998792112 -0.015487628 -0.046631545 0.117666312 0.015526596 0.999879360 0.000473533 -0.082318619 0.046618585 -0.001196990 0.998912036 4.753060341
459 0.998798728 -0.015730916 -0.046407659 0.118183866 0.015781974 0.999875188 0.000734012 -0.082495518 0.046390321 -0.001465535 0.998922288 4.761692047
460 0.998805642 -0.015630649 -0.046291918 0.118664563 0.015688790 0.999876499 0.000892869 -0.082624644 0.046272248 -0.001618067 0.998927534 4.770348072
461 0.998811841 -0.015741717 -0.046120677 0.119167708 0.015791237 0.999875069 0.000709505 -0.082778238 0.046103746 -0.001436964 0.998935640 4.779003143
462 0.998809159 -0.016100107 -0.046055164 0.119624853 0.016131524 0.999869823 0.000310553 -0.082916386 0.046044167 -0.001053123 0.998938859 4.787665367
463 0.998816907 -0.016311938 -0.045812111 0.120144911 0.016315646 0.999866843 -0.000292965 -0.083097219 0.045810793 -0.000454836 0.998950005 4.796175480
464 0.998810709 -0.016672451 -0.045816839 0.120579481 0.016654488 0.999861002 -0.000773789 -0.083221465 0.045823373 0.000009812 0.998949587 4.804871082
465 0.998811960 -0.016767392 -0.045754880 0.121048771 0.016724907 0.999859273 -0.001311230 -0.083375312 0.045770425 0.000544426 0.998951852 4.813453674
466 0.998819768 -0.016767647 -0.045584571 0.121537931 0.016713539 0.999859095 -0.001567889 -0.083527751 0.045604438 0.000804159 0.998959243 4.822077274
467 0.998816013 -0.017251799 -0.045486245 0.122002065 0.017188145 0.999850690 -0.001790209 -0.083696045 0.045510340 0.001006265 0.998963356 4.830569267
468 0.998812139 -0.017491389 -0.045479581 0.122445896 0.017440220 0.999846756 -0.001521647 -0.083847485 0.045499224 0.000726666 0.998964131 4.839224339
469 0.998820364 -0.017411351 -0.045329150 0.122953445 0.017376600 0.999848366 -0.001160610 -0.084025078 0.045342483 0.000371574 0.998971403 4.847764492
470 0.998812854 -0.017849986 -0.045323588 0.123384513 0.017836897 0.999840677 -0.000693218 -0.084158301 0.045328744 -0.000116037 0.998972118 4.856389523
471 0.998816133 -0.017959712 -0.045207776 0.123872228 0.017964842 0.999838591 -0.000292844 -0.084322281 0.045205735 -0.000519653 0.998977542 4.864931583
472 0.998827279 -0.017937720 -0.044970576 0.124361813 0.017956493 0.999838769 0.000013485 -0.084464565 0.044963080 -0.000820983 0.998988330 4.873456001
473 0.998828769 -0.018073905 -0.044882596 0.124821723 0.018098164 0.999836206 0.000134157 -0.084636547 0.044872817 -0.000946292 0.998992264 4.881929874
474 0.998836339 -0.018051513 -0.044723168 0.125271171 0.018077783 0.999836564 0.000182979 -0.084782183 0.044712558 -0.000991262 0.998999417 4.890432358
476 0.998855948 -0.017932246 -0.044331510 0.126685187 0.017979225 0.999838114 0.000661231 -0.085207701 0.044312477 -0.001457521 0.999016643 4.916023254
477 0.998865426 -0.017827289 -0.044160001 0.127173245 0.017874388 0.999840021 0.000671869 -0.085391670 0.044140961 -0.001460440 0.999024272 4.924629688
478 0.998870730 -0.017850947 -0.044029634 0.127640769 0.017905626 0.999839306 0.000847803 -0.085509345 0.044007428 -0.001635224 0.999029875 4.933044910
480 0.998893857 -0.017431952 -0.043671679 0.129032195 0.017477611 0.999847054 0.000663872 -0.085937060 0.043653425 -0.001426414 0.999045730 4.958485603
481 0.998901367 -0.017379219 -0.043520737 0.129524156 0.017412491 0.999848306 0.000385522 -0.086117625 0.043507434 -0.001142903 0.999052465 4.966874123
482 0.998914123 -0.017135298 -0.043323424 0.129997641 0.017155280 0.999852836 0.000089451 -0.086244166 0.043315515 -0.000832580 0.999061108 4.975248814
484 0.998927116 -0.017035522 -0.043062177 0.130909175 0.017025728 0.999854863 -0.000594176 -0.086547457 0.043066047 -0.000139626 0.999072194 4.992180824
485 0.998931706 -0.016910227 -0.043005843 0.131382138 0.016896153 0.999857008 -0.000690729 -0.086702995 0.043011375 -0.000036642 0.999074578 5.000475407
486 0.998933673 -0.016932910 -0.042951111 0.131812155 0.016928742 0.999856591 -0.000460819 -0.086871482 0.042952754 -0.000266781 0.999077082 5.008857727
487 0.998942256 -0.016672660 -0.042852741 0.132661864 0.016730972 0.999859512 0.001002447 -0.087223761 0.042830009 -0.001718354 0.999080896 5.025540829
488 0.998944342 -0.016737327 -0.042778768 0.133134365 0.016835032 0.999856412 0.001924705 -0.087414466 0.042740408 -0.002642855 0.999082744 5.033769131
489 0.998952150 -0.016397865 -0.042728283 0.133572772 0.016544174 0.999858439 0.003072820 -0.087558210 0.042671844 -0.003776504 0.999082029 5.042088032
490 0.998959243 -0.016283631 -0.042606365 0.134009928 0.016453661 0.999858022 0.003643023 -0.087743878 0.042540994 -0.004340262 0.999085307 5.050282478
491 0.998966396 -0.016249578 -0.042451017 0.134451032 0.016426273 0.999857783 0.003816806 -0.087914191 0.042382956 -0.004510173 0.999091268 5.058312416
495 0.998966932 -0.017358696 -0.041997325 0.137065515 0.017324811 0.999849200 -0.001170700 -0.088742003 0.042011313 0.000441895 0.999117017 5.108626842
499 0.998968184 -0.017766200 -0.041796785 0.139289334 0.017768987 0.999842048 -0.000304852 -0.089444026 0.041795600 -0.000438149 0.999126077 5.149860382
502 0.998976409 -0.017873371 -0.041552812 0.140625834 0.017844396 0.999840200 -0.001068119 -0.089867786 0.041565262 0.000325541 0.999135733 5.174877167
503 0.998979092 -0.017585874 -0.041610908 0.141066849 0.017571384 0.999845386 -0.000713980 -0.090033151 0.041617028 -0.000017910 0.999133646 5.183322430
504 0.998980463 -0.017397955 -0.041657530 0.141480595 0.017404739 0.999848485 -0.000199864 -0.090213053 0.041654695 -0.000525378 0.999131918 5.191683292
506 0.998990238 -0.016976964 -0.041597236 0.142409772 0.017037842 0.999854207 0.001109446 -0.090491988 0.041572340 -0.001817053 0.999133825 5.208089828
507 0.998993754 -0.016714986 -0.041618269 0.142854214 0.016782535 0.999858379 0.001274148 -0.090653501 0.041591078 -0.001971326 0.999132752 5.216264725
508 0.998997450 -0.016508734 -0.041612033 0.143314242 0.016570326 0.999862075 0.001135646 -0.090797022 0.041587546 -0.001824033 0.999133170 5.224537373
509 0.999001563 -0.016207274 -0.041631881 0.143766269 0.016252138 0.999867678 0.000739357 -0.090911888 0.041614387 -0.001415226 0.999132752 5.232864380
510 0.999006808 -0.016104976 -0.041545182 0.144226804 0.016119765 0.999870062 0.000020996 -0.091069438 0.041539446 -0.000690674 0.999136627 5.241063118
